Убывающие серии последовательности целых чисел в обратном порядке (каждая серия на отдельной строке):

-914 -786 222
-824 707
-802 804
-26 761
-958 -913 -253
-870 -395 978
-891 -389
-771 783
-136 642
-113 -79
-236 629 916
166 867
-930 637
-881 101
-762 90 183 230
-504 -68 911
129 508 510
-923 959
38 630
-295 -205 377 559
-991 86 739
-831 312
-416 -137 50
-747 -356 246
183 855
-578 795
234 789
172 186
-275 474
-866 -730 -563 350
-748 -21
Убывающие серии последовательности целых чисел в обратном порядке (каждая серия на отдельной строке):

-914 -786 222
-824 707
-802 804
-26 761
-958 -913 -253
-870 -395 978
-891 -389
-771 783
-136 642
-113 -79
-236 629 916
166 867
-930 637
-881 101
-762 90 183 230
-504 -68 911
129 508 510
-923 959
38 630
-295 -205 377 559
-991 86 739
-831 312
-416 -137 50
-747 -356 246
183 855
-578 795
234 789
172 186
-275 474
-866 -730 -563 350
-748 -21
